77 11275 4234 1030 6504 426 6020 10645 1204 1127 
4101 11212 6121 7667 4505 11050 1136 11325 164 5627 
4037 7760 733 10376 2640 1654 3130 7206 7304 3766 
10452 1164 4332 2526 6034 10202 10774 1023 1570 11453 
6701 3133 4322 2124 7242 1727 6455 5167 4464 2564 
11042 1150 4577 6374 465 5277 476 3163 4745 5463 
7462 2101 1534 10676 777 5111 365 2204 7062 1402 
1164 3235 213 246 7623 6074 3054 1120 2633 4344 
5421 10604 11300 7262 6133 3653 1652 4243 4331 11443 
2102 7142 4574 10134 6451 4350 5411 5665 2664 10444 
2103 3603 1273 5062 1465 10516 1041 7472 11334 10631 
10277 2731 5052 10276 3321 2031 6052 5654 5105 10533 
1750 1730 5015 6213 1150 4774 2053 645 11505 541 
7156 6320 2272 4517 2230 2310 4404 10244 5010 100 
3400 3514 4532 4405 10572 272 1423 2262 5337 1366 
4500 5565 11305 632 2611 7210 4065 1664 1440 6315 
3416 6547 4551 6677 3631 5055 11522 3550 5655 4706 
3013 10227 757 4645 5203 5567 7032 543 7075 4743 
6375 1102 2076 3725 2466 10715 6476 76 454 1272 
6325 530 4143 6600 11524 3776 2267 4536 4334 5233 
10173 2461 3766 11425 1333 10467 10063 3111 7054 3323 
1011 7160 6044 1726 6044 11171 1077 4562 56 10630 
2066 3651 3056 1430 3736 3362 1432 2267 2202 7710 
773 7063 221 7155 10673 2022 701 2307 7732 3526 
362 1450 6504 7436 2025 11144 5112 7054 2404 6754 
7214 10340 3427 2355 355 3512 10703 4204 3473 3742 
2067 10213 1252 6375 6475 320 3663 7274 1306 4177 
1553 6356 2162 4577 2253 4541 6602 4454 1142 2540 
11524 27 6052 2500 6202 10021 6746 10634 10607 10157 
6571 4432 11066 5745 6725 5652 6750 11402 10775 10742 
7052 7106 5262 3351 5203 10637 11044 11430 4107 7364 
4104 2647 477 1742 3420 10311 4657 10743 5265 1305 
675 120 3046 5663 4333 2513 4672 10533 166 7515 
5375 5453 11512 2530 6457 5154 2322 10421 7242 1535 
4655 654 7126 1722 1565 5466 6765 77 6417 11230 
7173 7277 2221 3427 11104 1574 3531 2156 7636 517 
7201 227 7161 1560 6543 10330 2124 1656 250 5120 
11173 10543 11607 5753 6254 3124 6724 6473 4540 417 
163 5564 5054 2571 5401 6021 7770 10637 4661 11526 
2676 7551 2074 7043 2155 7126 2114 10524 3423 6603 
771 3732 5256 607 7043 10352 6227 6213 6423 6027 
6721 2762 5415 2517 7056 6267 7211 4215 6627 3726 
10713 3412 5175 7547 1740 675 1062 10374 2161 7450 
7033 1224 10670 2527 5543 51 11234 3304 2115 515 
1156 7027 1616 7526 2641 6015 11472 4040 132 2100 
3456 4337 10600 10444 645 4355 3213 36 3332 1522 
6010 5251 1417 5657 5456 10671 7573 11521 7757 3474 
6234 4771 3253 2616 1103 7323 3276 3027 10170 1621 
7741 2421 1160 5551 10032 225 7752 6507 2454 7350 
2046 10334 6202 3127 6606 7363 5072 3246 6203 1444 
